0	100	0	0	0
20	0	100	0	100
40	0	99	0	99
60	0	98	0	98
80	0	97	0	97
100	0	96	0	96
120	0	95	0	95
140	0	94	0	94
160	0	93	0	93
180	0	92	0	92
200	0	91	0	91
220	0	90	0	90
240	0	89	1	90
260	0	88	2	90
280	0	87	3	90
300	0	86	4	90
320	0	85	5	90
340	0	84	5	89
360	0	83	6	89
380	0	82	7	89
400	0	81	8	89
420	0	80	9	89
440	0	73	16	89
460	0	64	25	89
480	0	55	34	89
500	0	42	47	89
520	0	33	56	89
540	0	19	69	88
560	0	11	77	88
580	0	4	84	88
600	0	0	87	87
620	0	0	86	86
640	0	0	85	85
660	0	0	84	84
680	8	0	84	84
700	14	0	84	84
720	223	0	84	84
740	338	11	84	95
760	412	97	84	181
780	377	132	84	216
800	357	152	84	236
820	357	152	83	235
840	356	153	83	236
860	353	156	82	238
880	337	172	80	252
900	337	172	79	251
920	330	179	78	257
940	330	178	78	256
960	329	179	78	257
980	329	178	78	256
1000	316	189	8	197
1020	313	192	8	200
1040	311	193	8	201
1060	299	204	8	212
1080	239	261	8	269
1100	98	395	8	403
1120	36	449	8	457
1140	13	470	8	478
1160	13	451	25	476
1180	10	429	47	476
1200	9	394	82	476
1220	8	338	137	475
1240	8	283	190	473
1260	4	234	240	474
1280	0	192	280	472
1300	0	150	319	469
1320	0	106	357	463
1340	0	68	393	461
1360	0	35	423	458
1380	0	4	216	220
1400	0	0	217	217
1420	0	0	216	216
1440	475	0	216	216
1460	1308	4	214	218
1480	2222	134	213	347
1500	2203	434	211	645
1520	1964	673	208	881
1540	1897	740	205	945
1560	1892	745	205	950
1580	1892	745	204	949
1600	1881	756	202	958
1620	1880	757	202	959
1640	1866	771	200	971
1660	1844	793	199	992
1680	1825	812	195	1007
1700	1820	813	194	1007
1720	1819	812	193	1005
1740	1799	831	119	950
1760	1797	830	119	949
1780	1779	837	116	953
1800	1749	942	116	1058
1820	1751	1361	116	1477
1840	1459	1985	116	2101
1860	1035	2695	114	2809
1880	879	2822	129	2951
1900	762	2841	212	3053
1920	700	2703	393	3096
1940	662	2535	590	3125
1960	617	2339	814	3153
1980	559	2127	1072	3199
2000	452	1967	1317	3284
2020	378	1795	1548	3343
2040	287	1664	1756	3420
2060	179	1499	2001	3500
2080	100	1345	2209	3554
2100	62	1209	2130	3339
2120	48	1151	2181	3332
2140	40	1142	2179	3321
2160	324	1139	2166	3305
2180	40340	1146	2154	3300
2200	82740	1249	2138	3387
2220	116709	4524	2127	6651
2240	113577	8369	2114	10483
2260	110856	11052	2126	13178
2280	108227	13584	2185	15769
2300	105363	16066	2270	18336
2320	91456	17276	2365	19641
2340	64968	16883	2468	19351
2360	49354	16618	2575	19193
2380	39909	16317	2654	18971
2400	34039	16093	2741	18834
2420	28376	15844	2823	18667
2440	21353	15494	2905	18399
2460	17868	15149	2941	18090
2480	15251	14914	2880	17794
2500	14140	14452	2876	17328
2520	13717	13906	2842	16748
2540	71717	14629	2822	17451
2560	145473	16727	2791	19518
2580	193390	17203	2771	19974
2600	166373	17177	2804	19981
2620	47039	16859	3124	19983
2640	464	15658	3798	19456
2660	111	11454	4666	16120
2680	49	9428	5678	15106
2700	18	7766	6587	14353
2720	5	6300	7518	13818
2740	0	5032	8315	13347
2760	0	3801	9087	12888
2780	0	2709	9797	12506
2800	0	1682	10464	12146
2820	0	873	10945	11818
2840	0	411	10992	11403
2860	0	269	10856	11125
2880	0	198	10669	10867
2900	124981	166	10471	10637
2920	348818	360	10273	10633
2940	554618	9924	10064	19988
2960	542446	10088	9903	19991
2980	304057	10268	9722	19990
3000	27401	10433	9549	19982
3020	10808	9331	9383	18714
3040	9609	9278	9203	18481
3060	8465	9379	9029	18408
3080	7365	9406	8850	18256
3100	6638	9177	8673	17850
3120	6104	8834	8519	17353
3140	5824	8436	8357	16793
3160	5618	7997	8195	16192
3180	5174	7645	8047	15692
3200	4729	7420	7809	15229
3220	4447	7164	7670	14834
3240	4113	6968	7518	14486
3260	71289	7078	7356	14434
3280	302584	7787	7198	14985
3300	526880	12935	7055	19990
3320	595387	13048	6943	19991
3340	401563	12726	7265	19991
3360	53252	12168	7819	19987
3380	2087	9684	8265	17949
3400	1279	8531	8712	17243
3420	803	7715	9055	16770
3440	488	6916	9366	16282
3460	282	6100	9663	15763
3480	145	5294	9910	15204
3500	58	4539	10053	14592
3520	18	3840	10151	13991
3540	1	3377	9992	13369
3560	0	3125	9654	12779
3580	0	2878	9244	12122
3600	0	2658	8911	11569
3620	9803	2441	8574	11015
3640	245706	2265	8300	10565
3660	482455	5257	7979	13236
3680	598143	12297	7693	19990
3700	403545	12450	7540	19990
3720	81876	12534	7455	19989
3740	4123	11339	7309	18648
3760	3118	10244	7099	17343
3780	2334	10138	6968	17106
3800	1769	9959	6766	16725
3820	1349	9756	6557	16313
3840	931	9563	6324	15887
3860	637	9323	6084	15407
3880	403	9017	5852	14869
3900	287	8718	5604	14322
3920	231	8394	5340	13734
3940	183	8078	5036	13114
3960	139	7751	4787	12538
3980	125	7442	4583	12025
4000	113920	7174	4389	11563
4020	248878	7106	4204	11310
4040	372221	15984	4007	19991
4060	370758	15952	4023	19975
4080	193021	15569	4416	19985
4100	16163	14978	4802	19780
4120	9323	13954	5116	19070
4140	6708	13154	5357	18511
4160	4801	12545	5635	18180
4180	2982	11979	5862	17841
4200	1823	11262	6025	17287
4220	954	10553	6181	16734
4240	346	9870	6308	16178
4260	37	9135	6330	15465
4280	16	8534	6055	14589
4300	12	7910	5727	13637
4320	9	7304	5453	12757
4340	7	6768	5202	11970
4360	74495	6295	4954	11249
4380	207813	6027	4749	10776
4400	322764	10984	4513	15497
4420	354099	15625	4353	19978
4440	274481	15511	4478	19989
4460	30763	15201	4762	19963
4480	11180	14071	4964	19035
4500	8199	13641	5124	18765
4520	6298	13068	5257	18325
4540	4541	12523	5374	17897
4560	3000	12031	5447	17478
4580	1777	11416	5525	16941
4600	948	10776	5558	16334
4620	401	10138	5571	15709
4640	238	9504	5387	14891
4660	184	8990	5104	14094
4680	157	8453	4800	13253
4700	136	7955	4567	12522
4720	30494	7507	4334	11841
4740	146462	7067	4103	11170
4760	251046	8236	3903	12139
4780	314385	16282	3694	19976
4800	279615	16205	3775	19980
4820	71856	15881	4100	19981
4840	13615	14900	4415	19315
4860	9345	14124	4654	18778
4880	6961	13379	4884	18263
4900	4805	13020	5070	18090
4920	3043	12559	5176	17735
4940	1759	11937	5249	17186
4960	885	11202	5330	16532
4980	322	10375	5385	15760
5000	100	9583	5298	14881
5020	78	8987	5008	13995
5040	64	8362	4667	13029
5060	52	7769	4386	12155
5080	4104	7184	4136	11320
5100	105051	6691	3916	10607
5120	209561	6951	3712	10663
5140	284355	16496	3494	19990
5160	263077	16511	3480	19991
5180	95625	16200	3780	19980
5200	19615	15409	4023	19432
5220	11410	14797	4264	19061
5240	8007	14133	4466	18599
5260	5862	13417	4639	18056
5280	4198	12911	4746	17657
5300	2654	12399	4887	17286
5320	1548	11894	5002	16896
5340	750	11328	5067	16395
5360	317	10692	5037	15729
5380	223	10082	4755	14837
5400	184	9515	4425	13940
5420	154	8968	4211	13179
5440	127	8476	3979	12455
5460	74705	8016	3766	11782
5480	172501	7724	3568	11292
5500	256404	11844	3375	15219
5520	263620	16700	3278	19978
5540	201585	16388	3602	19990
5560	28090	15899	3968	19867
5580	13625	14921	4221	19142
5600	9236	14222	4529	18751
5620	6928	13288	4758	18046
5640	4606	12839	4988	17827
5660	2782	12362	5226	17588
5680	1610	11675	5375	17050
5700	767	10955	5542	16497
5720	253	10222	5625	15847
5740	125	9527	5431	14958
5760	103	8893	5058	13951
5780	87	8277	4795	13072
5800	73	7671	4568	12239
5820	60385	7159	4341	11500
5840	165092	6725	4126	10851
5860	263000	9522	3901	13423
5880	292512	16247	3720	19967
5900	236157	16181	3800	19981
5920	32741	15786	4112	19898
5940	12741	14836	4382	19218
5960	8898	14120	4612	18732
5980	6700	13240	4746	17986
6000	4705	12786	4912	17698
6020	3029	12459	5011	17470
6040	1894	11953	5136	17089
6060	1067	11393	5153	16546
6080	472	10761	5196	15957
6100	231	10143	5066	15209
6120	189	9561	4794	14355
6140	172	8935	4473	13408
6160	147	8376	4239	12615
6180	27809	7887	4026	11913
6200	130067	7455	3806	11261
6220	224358	8230	3598	11828
6240	282389	16582	3399	19981
6260	255214	16498	3470	19968
6280	62310	16129	3842	19971
6300	14193	15115	4139	19254
6320	9359	14359	4417	18776
6340	7119	13458	4662	18120
6360	4854	13003	4835	17838
6380	3147	12665	5012	17677
6400	1874	12099	5134	17233
6420	1018	11436	5247	16683
6440	435	10691	5332	16023
6460	134	9953	5273	15226
6480	103	9275	5003	14278
6500	84	8683	4675	13358
6520	74	8133	4445	12578
6540	2810	7616	4211	11827
6560	106190	7125	3982	11107
6580	204226	7156	3761	10917
6600	285397	16415	3574	19989
6620	266211	16450	3527	19977
6640	104705	16162	3805	19967
6660	18548	15292	4109	19401
6680	10677	14691	4342	19033
6700	7618	13717	4572	18289
6720	5675	13020	4750	17770
6740	3832	12816	4885	17701
6760	2506	12402	4993	17395
6780	1466	11899	5071	16970
6800	728	11307	5138	16445
6820	281	10648	5125	15773
6840	215	9992	4901	14893
6860	168	9441	4551	13992
6880	143	8831	4304	13135
6900	128	8274	4077	12351
6920	77650	7830	3874	11704
6940	173248	7517	3676	11193
6960	263537	11864	3466	15330
6980	271892	16638	3340	19978
7000	200796	16394	3590	19984
7020	22915	15812	3932	19744
7040	11269	14712	4243	18955
7060	8179	13903	4566	18469
7080	6118	13358	4782	18140
7100	4214	13011	4946	17957
7120	2543	12532	5121	17653
7140	1438	11910	5265	17175
7160	689	11098	5387	16485
7180	210	10282	5396	15678
7200	121	9487	5147	14634
7220	99	8776	4914	13690
7240	80	8129	4577	12706
7260	69	7537	4365	11902
7280	54024	7021	4136	11157
7300	161419	6593	3930	10523
7320	253440	9273	3717	12990
7340	281141	16451	3536	19987
7360	234697	16369	3611	19980
7380	34219	16060	3897	19957
7400	15555	15220	4121	19341
7420	9733	14477	4368	18845
7440	7094	13594	4579	18173
7460	5438	13026	4761	17787
7480	3518	12741	4933	17674
7500	2166	12302	5058	17360
7520	1192	11714	5151	16865
7540	537	11025	5222	16247
7560	285	10305	5059	15364
7580	239	9669	4803	14472
7600	213	9089	4483	13572
7620	168	8536	4257	12793
7640	31921	8006	4004	12010
7660	131095	7499	3792	11291
7680	222921	8514	3589	12103
7700	279425	16577	3409	19986
7720	251528	16509	3455	19964
7740	64956	16116	3835	19951
7760	14833	15132	4173	19305
7780	9838	14381	4450	18831
7800	7330	13383	4705	18088
7820	5070	12920	4949	17869
7840	3254	12639	5136	17775
7860	2023	12162	5259	17421
7880	1079	11523	5387	16910
7900	442	10804	5521	16325
7920	149	10052	5418	15470
7940	104	9341	5142	14483
7960	84	8727	4796	13523
7980	72	8109	4550	12659
